fffda5
28.578053 -456.51523 ff8080
10
-656.11383 168.4881 2545.4624 1618.5214 483737
-711.37622 -1262.1708 548.61353 1633.9749 483737
252.74873 -1237.2781 336.93607 1293.7041 483737
484.91516 14.061144 1079.9453 42.364796 483737
1718.3838 -332.5112 548.61353 784.28436 483737
1660.8273 94.026787 65.011909 18.52083 483737
743.96649 -338.51266 1283.3884 244.44217 483737
584.80756 -112.59135 63.743671 18.520832 483737
693.14807 -186.28705 60.536438 18.520832 483737
575.27972 -261.74338 64.278206 18.520832 483737
1
652.70361 -33.857418 568.53619 -286.88629 996.22473 318.08176 000000
0
