117.10616 417.59192
21
0 658.81897 1818.5707 50
0 0 50 683.81897
895.57068 0 50 680.31897
829.6087 585.28345 65.961945 20
669.13647 508.79398 65.961945 20
829.6087 443.09402 65.961945 20
669.13654 366.60455 65.961945 20
829.6087 288.23764 65.961945 20
669.13654 211.74818 65.961945 20
829.6087 129.84573 65.961945 20
669.13654 53.356262 65.961945 20
945.57068 585.78259 65.961945 20
1088.0984 509.29309 65.961945 20
945.57068 443.59314 65.961945 20
1088.0985 367.1037 65.961945 20
945.57068 288.73676 65.961945 20
1088.0985 212.24731 65.961945 20
945.57068 130.34485 65.961945 20
1088.0985 53.855385 65.961945 20
1768.5707 -1131.3708 50 1815.1898
-1818.5708 0 1843.5708 50
2
1041.5326 585.78259 920.57068 -465.68127 872.99988 1146.0002
-103.3381 -136.98125 -847.99988 -316.77573 872.99988 341.77573
