2
fffda5
28.578053 -456.515228 ff8080
23
rect5109 -656.113831 191.771439 2545.462402 1595.238037 483737
rect5109-3 -711.376221 -1262.170776 548.613525 1633.974854 483737
rect5109-3-6 252.748734 -1237.278076 455.318237 1293.704102 483737
rect5109-3-6-7 484.915161 14.061144 1079.945312 42.364796 483737
rect5109-3-5 1718.383789 -161.473328 996.557251 613.246460 483737
rect4561 1660.827271 101.435120 65.011909 18.520830 483737
rect5109-3-6-6 1120.158691 -317.589874 907.196228 204.469376 483737
rect5109-3-5-3 2561.680176 -321.881714 1466.951660 647.503601 483737
rect4561-2-3 -938.562134 917.253967 314.320221 18.520832 483737
rect5109-3-5-3-67 2561.680176 -556.348694 30.657700 139.623245 483737
rect4561-2-1-5 2504.264648 -563.055054 88.073227 13.412691 483737
rect5109-3-5-3-67-3 2561.680176 -563.055054 529.352417 29.707256 483737
rect5109-3-5-3-67-36 2561.680176 -926.773499 30.657700 378.572083 483737
rect4561-2-1-5-5 2504.264648 -723.590454 88.073227 13.412692 483737
rect5109-3-5-3-67-1 2561.680176 -338.512665 30.657700 161.296707 483737
rect5109-3-5-3-67-2 3799.997070 -946.805359 3102.693359 1310.393311 483737
rect5109-3-5-3-67-1-7 3769.859863 -339.033478 84.632698 161.296707 483737
rect5109-3-6-3 616.461792 -75.527267 306.705963 108.837868 483737
rect5109-3-6-3-6 616.461792 -164.159546 201.936310 105.096077 483737
rect5109-3-6-3-6-7 935.011536 -317.589874 201.936310 78.925652 483737
rect5109-3-6-3-3 2244.476074 -293.351532 88.026321 88.026321 483737
rect5109-3-5-3-67-3-3 3270.644531 -726.635742 573.905273 26.509399 483737
platform_1 4670.228516 -1969.799561 34.585449 908.541504 483737
2
goal1 976.558533 -27.401052 000000
goal2 2531.730469 -590.851074 000000
1
lava4590 2000.628052 -259.364716 595.262695 132.921005 d35f5f
1
backrect5109-3-5-3-67-3-6 2561.680176 -1966.485474 2142.863770 1647.980103 83647d
3
box-1 3495.909668 -383.481232 64.009789 61.599514 a02c2c
box-1-3 1761.908203 -523.207092 64.009789 61.599514 a02c2c
box_0 3367.700684 -811.861694 64.009789 61.599514 a02c2c
3
label_wasd -41.109612 217.178177 fffda5
WASD to move
label_space_to_jump 1733.607056 146.904999 fffda5
SPACE to Jump
label_double_jump 950.930298 -279.062897 fffda5
Double Jump
5
script_goal_1 659.885925 -301.853394 904.875000 333.048859 deaa87 2 goal1
script_show_goal_2 1249.832397 -862.224976 323.924408 544.635071 deaa87
script_hide_label_double_jump 1033.862549 -862.224976 215.969864 569.733276 d35f5f 1 label_double_jump
hide_wasd_script 260.383636 24.900909 125.925934 209.259262 a1e764 1 label_wasd
hide_space_to_jump 1449.166626 -122.291687 104.166626 165.000015 1ae5a0 1 label_space_to_jump
