2
cecd84
0.000000 0.000000 000000
4
platform_0 -100.095917 51.126568 374.496674 33.652920 3f7f3f
platform_0 -264.333679 -171.212845 277.420898 27.181252 4d824e
platform_17 -622.825928 -250.948639 277.420898 27.181252 4d824e
platform_0 -184.892517 -618.932129 204.937637 27.181274 4d824e
0
0
5
back_platform_0 -690.059631 -391.107422 1075.912598 114.025421 e08a8a
back_platform_1 -690.059631 -277.082001 634.772583 192.425720 e08a8a
back_platform_2 125.058174 -277.082001 260.794861 192.425720 e08a8a
back_platform_3 -690.059631 -84.656281 1075.912598 346.021179 e08a8a
back_platform_0 -0.232880 -471.377014 196.740280 31.618774 e08a8a
0
0
0
0
